# Created by Octave 2.1.35, Wed Jul 23 15:52:32 2003 EDT <eric@Eric-Stonekings-PowerBook.local.>
# name: Cost
# type: matrix
# rows: 10
# columns: 10
 -0.124999993876123 -0.124194737232898 -0.123319325309711 -0.12236856060059 -0.121338847491167 -0.120229400747799 -0.119043547771849 -0.117789710248503 -0.116481505079396 -0.115136584932591
 -0.124194737232898 -0.125499994964649 -0.124615792721805 -0.12364438141451 -0.122578826303059 -0.121415321861169 -0.120155527031175 -0.11880874568603 -0.117392739945758 -0.115932070017871
 -0.123319325309711 -0.124615792721805 -0.125999996723138 -0.125015592432776 -0.123918837804001 -0.12270039880303 -0.121357749412309 -0.11989991473005 -0.118350403941478 -0.116745061427936
 -0.12236856060059 -0.12364438141451 -0.125015592432776 -0.126499996476417 -0.125382594001741 -0.124113146899189 -0.122679604303392 -0.121086889617369 -0.119366093636297 -0.117572957366439
 -0.121338847491167 -0.122578826303059 -0.123918837804001 -0.125382594001741 -0.126999973129921 -0.125694093961617 -0.124167255615877 -0.122408718516236 -0.120457112023945 -0.118407057504324
 -0.120229400747799 -0.121415321861169 -0.12270039880303 -0.124113146899189 -0.125694093961617 -0.127499988774361 -0.125897207207383 -0.123937231036005 -0.121651241111871 -0.119221573104934
 -0.119043547771849 -0.120155527031175 -0.121357749412309 -0.122679604303392 -0.124167255615877 -0.125897207207383 -0.127999974440876 -0.125827615512984 -0.122997674286246 -0.11993594861627
 -0.117789710248503 -0.11880874568603 -0.11989991473005 -0.121086889617369 -0.122408718516236 -0.123937231036005 -0.125827615512984 -0.128499997620719 -0.124588094304393 -0.120266804813771
 -0.116481505079396 -0.117392739945758 -0.118350403941478 -0.119366093636297 -0.120457112023945 -0.121651241111871 -0.122997674286246 -0.124588094304393 -0.124331696543421 -0.119398234427412
 -0.115136584932591 -0.115932070017871 -0.116745061427936 -0.117572957366439 -0.118407057504324 -0.119221573104934 -0.11993594861627 -0.120266804813771 -0.119398234427412 -0.117210027219179
