# Created by Octave 2.1.35, Wed Apr 30 15:57:34 2003 EDT <eric@ericstonekinglaptop.gsfc.nasa.gov>
# name: R
# type: matrix
# rows: 121
# columns: 8
 -0.0499999999999999 -0.572957795130823 -0.0499999999999999 0.572957795130823 6.30191099269832e-17 -0.286478897565412 6.30191099269832e-17 0.286478897565412
 -0.0488401042852633 -0.572891875472574 -0.0488401042852633 0.572891875472574 -0.00115989571473664 -0.286412977907163 -0.00115989571473664 0.286412977907163
 -0.0476796892443643 -0.572829050021355 -0.0476796892443643 0.572829050021355 -0.00232031075563577 -0.286350152455943 -0.00232031075563577 0.286350152455943
 -0.0465187793868904 -0.57276932557181 -0.0465187793868904 0.57276932557181 -0.00348122061310957 -0.286290428006397 -0.00348122061310957 0.286290428006397
 -0.0453573993465032 -0.572712708597929 -0.0453573993465032 0.572712708597929 -0.00464260065349701 -0.286233811032516 -0.00464260065349701 0.286233811032516
 -0.0441955738751109 -0.572659205250146 -0.0441955738751109 0.572659205250146 -0.00580442612488901 -0.286180307684734 -0.00580442612488901 0.286180307684734
 -0.0430333278369619 -0.572608821352566 -0.0430333278369619 0.572608821352566 -0.00696667216303808 -0.286129923787155 -0.00696667216303808 0.286129923787155
 -0.0418706862026533 -0.572561562400336 -0.0418706862026533 0.572561562400336 -0.00812931379734666 -0.286082664834924 -0.00812931379734666 0.286082664834924
 -0.0407076740430701 -0.572517433557146 -0.0407076740430701 0.572517433557146 -0.00929232595692983 -0.286038535991734 -0.00929232595692983 0.286038535991734
 -0.039544316523249 -0.572476439652888 -0.039544316523249 0.572476439652888 -0.0104556834767508 -0.285997542087477 -0.0104556834767508 0.285997542087477
 -0.0383806388961777 -0.572438585181454 -0.0383806388961777 0.572438585181454 -0.0116193611038224 -0.285959687616042 -0.0116193611038224 0.285959687616042
 -0.0600000000000001 -0.572957795130823 -0.0600000000000001 0.572957795130823 7.14653555785544e-17 -0.286478897565412 7.14653555785544e-17 0.286478897565412
 -0.0588417700214846 -0.572878489008489 -0.0588417700214846 0.572878489008489 -0.00115822997851511 -0.286399591443078 -0.00115822997851511 0.286399591443078
 -0.0576829146568991 -0.572802250887429 -0.0576829146568991 0.572802250887429 -0.00231708534310085 -0.286323353322018 -0.00231708534310085 0.286323353322018
 -0.0565234579025527 -0.57272908894562 -0.0565234579025527 0.57272908894562 -0.00347654209744733 -0.286250191380208 -0.00347654209744733 0.286250191380208
 -0.0553634239038037 -0.572659011052853 -0.0553634239038037 0.572659011052853 -0.00463657609619636 -0.286180113487441 -0.00463657609619636 0.286180113487441
 -0.0542028369495972 -0.572592024767257 -0.0542028369495972 0.572592024767257 -0.00579716305040302 -0.286113127201845 -0.00579716305040302 0.286113127201845
 -0.0530417214669031 -0.572528137331937 -0.0530417214669031 0.572528137331937 -0.00695827853309681 -0.286049239766526 -0.00695827853309681 0.286049239766526
 -0.0518801020150614 -0.57246735567175 -0.0518801020150614 0.57246735567175 -0.00811989798493874 -0.285988458106339 -0.00811989798493874 0.285988458106339
 -0.0507180032800303 -0.572409686390199 -0.0507180032800303 0.572409686390199 -0.00928199671996946 -0.285930788824787 -0.00928199671996946 0.285930788824787
 -0.0495554500685524 -0.572355135766466 -0.0495554500685524 0.572355135766466 -0.0104445499314475 -0.285876238201054 -0.0104445499314475 0.285876238201054
 -0.0483924673022292 -0.57230370975258 -0.0483924673022292 0.57230370975258 -0.0116075326977709 -0.285824812187168 -0.0116075326977709 0.285824812187168
 -0.0699999999999999 -0.572957795130823 -0.0699999999999999 0.572957795130823 4.16272367234656e-17 -0.286478897565412 4.16272367234656e-17 0.286478897565412
 -0.068843742520381 -0.57286516507067 -0.068843742520381 0.57286516507067 -0.00115625747961906 -0.286386267505259 -0.00115625747961906 0.286386267505259
 -0.0676867552296938 -0.572775572008223 -0.0676867552296938 0.572775572008223 -0.00231324477030609 -0.286296674442811 -0.00231324477030609 0.286296674442811
 -0.0665290615185663 -0.57268902546011 -0.0665290615185663 0.57268902546011 -0.00347093848143379 -0.286210127894699 -0.00347093848143379 0.286210127894699
 -0.0653706849502592 -0.572605534649426 -0.0653706849502592 0.572605534649426 -0.00462931504974087 -0.286126637084016 -0.00462931504974087 0.286126637084016
 -0.0642116492556308 -0.572525108501726 -0.0642116492556308 0.572525108501726 -0.00578835074436915 -0.286046210936315 -0.00578835074436915 0.286046210936315
 -0.0630519783279862 -0.572447755641129 -0.0630519783279862 0.572447755641129 -0.00694802167201389 -0.285968858075717 -0.00694802167201389 0.285968858075717
 -0.061891696217817 -0.572373484386539 -0.061891696217817 0.572373484386539 -0.00810830378218313 -0.285894586821128 -0.00810830378218313 0.285894586821128
 -0.0607308271274346 -0.572302302747976 -0.0607308271274346 0.572302302747976 -0.00926917287256529 -0.285823405182564 -0.00926917287256529 0.285823405182564
 -0.0595693954054993 -0.572234218423027 -0.0595693954054993 0.572234218423027 -0.0104306045945008 -0.285755320857616 -0.0104306045945008 0.285755320857616
 -0.0584074255414463 -0.572169238793424 -0.0584074255414463 0.572169238793424 -0.0115925744585536 -0.285690341228013 -0.0115925744585536 0.285690341228013
 -0.0800000000000001 -0.572957795130823 -0.0800000000000001 0.572957795130823 2.8717933282182e-18 -0.286478897565412 2.8717933282182e-18 0.286478897565412
 -0.0788460186824781 -0.572851914099578 -0.0788460186824781 0.572851914099578 -0.00115398131752173 -0.286373016534165 -0.00115398131752173 0.286373016534165
 -0.0776912050314219 -0.572749034385731 -0.0776912050314219 0.572749034385731 -0.002308794968578 -0.286270136820318 -0.002308794968578 0.286270136820318
 -0.0765355817437638 -0.572649166792809 -0.0765355817437638 0.572649166792809 -0.00346441825623622 -0.286170269227397 -0.00346441825623622 0.286170269227397
 -0.0753791717110552 -0.572552321847469 -0.0753791717110552 0.572552321847469 -0.0046208282889447 -0.286073424282057 -0.0046208282889447 0.286073424282057
 -0.0742219980149095 -0.572458509795021 -0.0742219980149095 0.572458509795021 -0.00577800198509063 -0.285979612229609 -0.00577800198509063 0.285979612229609
 -0.0730640839223186 -0.572367740595053 -0.0730640839223186 0.572367740595053 -0.00693591607768132 -0.285888843029641 -0.00693591607768132 0.285888843029641
 -0.0719054528808501 -0.572280023917149 -0.0719054528808501 0.572280023917149 -0.00809454711915009 -0.285801126351736 -0.00809454711915009 0.285801126351736
 -0.0707461285137193 -0.572195369136701 -0.0707461285137193 0.572195369136701 -0.00925387148628065 -0.285716471571289 -0.00925387148628065 0.285716471571289
 -0.0695861346147499 -0.572113785330841 -0.0695861346147499 0.572113785330841 -0.01041386538525 -0.285634887765429 -0.01041386538525 0.285634887765429
 -0.0684254951432141 -0.572035281274462 -0.0684254951432141 0.572035281274462 -0.0115745048567862 -0.285556383709049 -0.0115745048567862 0.285556383709049
 -0.0899999999999998 -0.572957795130823 -0.0899999999999998 0.572957795130823 -4.17180493769553e-17 -0.286478897565412 -4.17180493769553e-17 0.286478897565412
 -0.0888485949407591 -0.572838746345492 -0.0888485949407591 0.572838746345492 -0.0011514050592407 -0.28635984878008 -0.0011514050592407 0.28635984878008
 -0.0876962571853265 -0.572722658659176 -0.0876962571853265 0.572722658659176 -0.00230374281467359 -0.286243761093764 -0.00230374281467359 0.286243761093764
 -0.0865430086539204 -0.572609544103957 -0.0865430086539204 0.572609544103957 -0.00345699134607979 -0.286130646538545 -0.00345699134607979 0.286130646538545
 -0.0853888714815776 -0.572499414453528 -0.0853888714815776 0.572499414453528 -0.00461112851842245 -0.286020516888117 -0.00461112851842245 0.286020516888117
 -0.0842338680141213 -0.572392281218319 -0.0842338680141213 0.572392281218319 -0.00576613198587845 -0.285913383652908 -0.00576613198587845 0.285913383652908
