# Created by Octave 2.1.35, Wed Jul 23 15:52:32 2003 EDT <eric@Eric-Stonekings-PowerBook.local.>
# name: R
# type: matrix
# rows: 100
# columns: 8
 -0.125000006123878 0.0315310460547267 -0.125000006123878 -0.0315310460547267 -0.124999993876123 0.0315310549865297 -0.124999993876123 -0.0315310549865297
 -0.126305262767101 0.030541090786707 -0.126305262767101 -0.030541090786707 -0.124194737232898 0.0305410907867157 -0.124194737232898 -0.0305410907867157
 -0.127680674690289 0.0295586279965626 -0.127680674690289 -0.0295586279965626 -0.123319325309711 0.0295586279965668 -0.123319325309711 -0.0295586279965668
 -0.129131439399411 0.0285933345265304 -0.129131439399411 -0.0285933345265304 -0.12236856060059 0.0285933345265385 -0.12236856060059 -0.0285933345265385
 -0.130661152508833 0.0276574310022524 -0.130661152508833 -0.0276574310022524 -0.121338847491167 0.0276574310022762 -0.121338847491167 -0.0276574310022762
 -0.132270599252201 0.0267655050819189 -0.132270599252201 -0.0267655050819189 -0.120229400747799 0.0267655050819118 -0.120229400747799 -0.0267655050819118
 -0.133956452228151 0.025933681319189 -0.133956452228151 -0.025933681319189 -0.119043547771849 0.0259336813191864 -0.119043547771849 -0.0259336813191864
 -0.135710289751497 0.0251779951419008 -0.135710289751497 -0.0251779951419008 -0.117789710248503 0.0251779951418879 -0.117789710248503 -0.0251779951418879
 -0.137518494920605 0.0245121578472727 -0.137518494920605 -0.0245121578472727 -0.116481505079396 0.0245121578472577 -0.116481505079396 -0.0245121578472577
 -0.139363415067409 0.023945343420594 -0.139363415067409 -0.023945343420594 -0.115136584932591 0.0239453434205802 -0.115136584932591 -0.0239453434205802
 -0.126305262767101 0.030541090786707 -0.126305262767101 -0.030541090786707 -0.124194737232898 0.0305410907867157 -0.124194737232898 -0.0305410907867157
 -0.125500005035352 0.0294780827704471 -0.125500005035352 -0.0294780827704471 -0.125499994964649 0.0294780754128818 -0.125499994964649 -0.0294780754128818
 -0.126884207278195 0.0284153316553472 -0.126884207278195 -0.0284153316553472 -0.124615792721805 0.0284153316553808 -0.124615792721805 -0.0284153316553808
 -0.12835561858549 0.0273634077894798 -0.12835561858549 -0.0273634077894798 -0.12364438141451 0.0273634077895296 -0.12364438141451 -0.0273634077895296
 -0.129921173696942 0.026336707524819 -0.129921173696942 -0.026336707524819 -0.122578826303059 0.0263367075248069 -0.122578826303059 -0.0263367075248069
 -0.131584678138831 0.0253537196227722 -0.131584678138831 -0.0253537196227722 -0.121415321861169 0.0253537196227668 -0.121415321861169 -0.0253537196227668
 -0.133344472968825 0.024436278781178 -0.133344472968825 -0.024436278781178 -0.120155527031175 0.0244362787811609 -0.120155527031175 -0.0244362787811609
 -0.13519125431397 0.0236072826511425 -0.13519125431397 -0.0236072826511425 -0.11880874568603 0.0236072826511274 -0.11880874568603 -0.0236072826511274
 -0.137107260054242 0.022886900679468 -0.137107260054242 -0.022886900679468 -0.117392739945758 0.0228869006794527 -0.117392739945758 -0.0228869006794527
 -0.139067929982129 0.0222884308780537 -0.139067929982129 -0.0222884308780537 -0.115932070017871 0.0222884308780577 -0.115932070017871 -0.0222884308780577
 -0.127680674690289 0.0295586279965626 -0.127680674690289 -0.0295586279965626 -0.123319325309711 0.0295586279965668 -0.123319325309711 -0.0295586279965668
 -0.126884207278195 0.0284153316553472 -0.126884207278195 -0.0284153316553472 -0.124615792721805 0.0284153316553808 -0.124615792721805 -0.0284153316553808
 -0.125999996723138 0.0272618402759265 -0.125999996723138 -0.0272618402759265 -0.126000003276862 0.0272618113601927 -0.126000003276862 -0.0272618113601927
 -0.127484407567224 0.0261087803042814 -0.127484407567224 -0.0261087803042814 -0.125015592432776 0.026108780304252 -0.125015592432776 -0.026108780304252
 -0.129081162195999 0.0249723756422413 -0.129081162195999 -0.0249723756422413 -0.123918837804001 0.0249723756422152 -0.123918837804001 -0.0249723756422152
 -0.130799601196969 0.0238755924908596 -0.130799601196969 -0.0238755924908596 -0.12270039880303 0.0238755924908338 -0.12270039880303 -0.0238755924908338
 -0.132642250587691 0.0228482414778318 -0.132642250587691 -0.0228482414778318 -0.121357749412309 0.0228482414778072 -0.121357749412309 -0.0228482414778072
 -0.13460008526995 0.0219241510761665 -0.13460008526995 -0.0219241510761665 -0.11989991473005 0.021924151076142 -0.11989991473005 -0.021924151076142
 -0.136649596058523 0.0211346221865543 -0.136649596058523 -0.0211346221865543 -0.118350403941478 0.0211346221865613 -0.118350403941478 -0.0211346221865613
 -0.138754938572064 0.0205000809732413 -0.138754938572064 -0.0205000809732413 -0.116745061427936 0.0205000809732374 -0.116745061427936 -0.0205000809732374
 -0.129131439399411 0.0285933345265304 -0.129131439399411 -0.0285933345265304 -0.12236856060059 0.0285933345265385 -0.12236856060059 -0.0285933345265385
 -0.12835561858549 0.0273634077894798 -0.12835561858549 -0.0273634077894798 -0.12364438141451 0.0273634077895296 -0.12364438141451 -0.0273634077895296
 -0.127484407567224 0.0261087803042814 -0.127484407567224 -0.0261087803042814 -0.125015592432776 0.026108780304252 -0.125015592432776 -0.026108780304252
 -0.126500003523583 0.0248386309533181 -0.126500003523583 -0.0248386309533181 -0.126499996476417 0.0248386132107627 -0.126499996476417 -0.0248386132107627
 -0.128117405998259 0.0235693539601849 -0.128117405998259 -0.0235693539601849 -0.125382594001741 0.0235693539601021 -0.125382594001741 -0.0235693539601021
 -0.129886853100811 0.0223280332264423 -0.129886853100811 -0.0223280332264423 -0.124113146899189 0.0223280332263979 -0.124113146899189 -0.0223280332263979
 -0.131820395696607 0.0211549796444875 -0.131820395696607 -0.0211549796444875 -0.122679604303392 0.0211549796444589 -0.122679604303392 -0.0211549796444589
 -0.133913110382632 0.0201018688612267 -0.133913110382632 -0.0201018688612267 -0.121086889617369 0.0201018688612397 -0.121086889617369 -0.0201018688612397
 -0.136133906363703 0.0192206798227894 -0.136133906363703 -0.0192206798227894 -0.119366093636297 0.0192206798227712 -0.119366093636297 -0.0192206798227712
 -0.13842704263356 0.0185453596626519 -0.13842704263356 -0.0185453596626519 -0.117572957366439 0.0185453596626258 -0.117572957366439 -0.0185453596626258
 -0.130661152508833 0.0276574310022524 -0.130661152508833 -0.0276574310022524 -0.121338847491167 0.0276574310022762 -0.121338847491167 -0.0276574310022762
 -0.129921173696942 0.026336707524819 -0.129921173696942 -0.026336707524819 -0.122578826303059 0.0263367075248069 -0.122578826303059 -0.0263367075248069
 -0.129081162195999 0.0249723756422413 -0.129081162195999 -0.0249723756422413 -0.123918837804001 0.0249723756422152 -0.123918837804001 -0.0249723756422152
 -0.128117405998259 0.0235693539601849 -0.128117405998259 -0.0235693539601849 -0.125382594001741 0.0235693539601021 -0.125382594001741 -0.0235693539601021
 -0.127000026870079 0.0221406252646534 -0.127000026870079 -0.0221406252646534 -0.126999973129921 0.0221406189335474 -0.126999973129921 -0.0221406189335474
 -0.128805906038383 0.0207138960733477 -0.128805906038383 -0.0207138960733477 -0.125694093961617 0.0207138960732194 -0.125694093961617 -0.0207138960732194
 -0.130832744384123 0.0193407428002118 -0.130832744384123 -0.0193407428002118 -0.124167255615877 0.019340742800231 -0.124167255615877 -0.019340742800231
 -0.133091281483763 0.0181017660691813 -0.133091281483763 -0.0181017660691813 -0.122408718516236 0.0181017660691755 -0.122408718516236 -0.0181017660691755
 -0.135542887976055 0.0170910007300481 -0.135542887976055 -0.0170910007300481 -0.120457112023945 0.01709100073001 -0.120457112023945 -0.01709100073001
 -0.138092942495676 0.0163715657133983 -0.138092942495676 -0.0163715657133983 -0.118407057504324 0.0163715657133715 -0.118407057504324 -0.0163715657133715
 -0.132270599252201 0.0267655050819189 -0.132270599252201 -0.0267655050819189 -0.120229400747799 0.0267655050819118 -0.120229400747799 -0.0267655050819118
