# Nv = 62  Nvt = 26  Nvn = 262  Npoly = 112
# Exported from Wings 3D 0.99.04a
mtllib ISS.mtl
o ISS_HGA
#62 vertices, 112 faces
v -0.18544781 0.18449758 -0.16350109
v -0.18613107 -0.18362112 2.7613105e-2
v -0.18555605 0.18431571 2.7964363e-2
v -0.18602057 -0.18343924 -0.16385234
v 0.18248772 0.18392683 -0.16330245
v 0.18191271 -0.18401416 -0.16365195
v 0.18181123 -0.18419603 2.7813497e-2
v 0.18238174 0.18374495 2.8162998e-2
v -0.27341391 0.27140453 2.6023814e-3
v -0.27426855 -0.25139888 7.0790533e-2
v -0.27345225 0.27134097 7.1288098e-2
v -0.27422796 -0.25133105 2.1033254e-3
v 0.24932257 0.27059087 2.8851661e-3
v 0.24851078 -0.25214869 2.3883985e-3
v 0.24847245 -0.25221225 7.1074115e-2
v 0.24928649 0.27052342 7.1573438e-2
v -2.5928681e-3 -3.8254875e-4 7.4242890e-2
v -2.5906131e-3 0.45977098 7.5055998e-2
v -0.18975028 0.41998622 7.4919021e-2
v -0.34454898 0.30751790 7.4727396e-2
v -0.44022029 0.14181216 7.4517093e-2
v -0.46021955 -4.8481541e-2 7.4324562e-2
v -0.40109217 -0.23045693 7.4184323e-2
v -0.27305989 -0.37265502 7.4118860e-2
v -9.8261925e-2 -0.45048174 7.4141420e-2
v 9.3080699e-2 -0.45047912 7.4244433e-2
v 0.26788091 -0.37265238 7.4413000e-2
v 0.39591320 -0.23045790 7.4618297e-2
v 0.45504058 -4.8483391e-2 7.4824250e-2
v 0.43504132 0.14181184 7.4993847e-2
v 0.33937000 0.30751865 7.5098051e-2
v 0.18457131 0.41998562 7.5122014e-2
v -2.6965964e-3 0.83259756 0.27240523
v -0.34157693 0.76056568 0.27215109
v -0.62185981 0.55692535 0.27180649
v -0.79508380 0.25689300 0.27142588
v -0.83129851 -8.7657210e-2 0.27107847
v -0.72423963 -0.41715188 0.27082358
v -0.49242042 -0.67461287 0.27070512
v -0.17592285 -0.81552730 0.27074392
v 0.17052966 -0.81552784 0.27093345
v 0.48702498 -0.67461716 0.27123881
v 0.71884644 -0.41715361 0.27161022
v 0.82590306 -8.7661107e-2 0.27198175
v 0.78968835 0.25688976 0.27229011
v 0.61646436 0.55692728 0.27248076
v 0.33618149 0.76056597 0.27252042
v -2.8161094e-3 0.96383982 0.48961137
v -0.39515936 0.88044569 0.48931823
v -0.71966431 0.64468003 0.48891775
v -0.92022071 0.29730717 0.48847869
v -0.96214724 -0.10160626 0.48807701
v -0.83819644 -0.48308486 0.48778059
v -0.56980173 -0.78116821 0.48764400
v -0.22327481 -0.94431342 0.48767745
v 0.17783574 -0.94431325 0.48789630
v 0.54426946 -0.78116623 0.48825016
v 0.81266192 -0.48308506 0.48868078
v 0.93661272 -0.10160711 0.48911183
v 0.91458624 0.29730366 0.48947859
v 0.71403435 0.64467635 0.48969881
v 0.38952714 0.88044286 0.48974688
vt 0.0000000e+0 0.0000000e+0
vt 0.0000000e+0 0.92000002
vt 0.0000000e+0 1.00000000
vt 4.9900002e-4 5.0002337e-4
vt 4.9900002e-4 0.99949998
vt 5.0000002e-4 -1.6479969e-2
vt 5.0000002e-4 4.9901009e-4
vt 5.0000002e-4 5.0002337e-4
vt 5.0000002e-4 1.7480016e-2
vt 5.0000002e-4 0.98251998
vt 5.0000002e-4 0.99949998
vt 5.0000002e-4 0.99950099
vt 5.0000002e-4 1.01648104
vt 0.50999999 0.0000000e+0
vt 0.50999999 1.00000000
vt 0.99949998 5.0002337e-4
vt 0.99949998 0.98251998
vt 0.99949998 0.99949998
vt 0.99949998 0.99950099
vt 0.99949998 1.01648104
vt 0.99950099 -1.6479969e-2
vt 0.99950099 4.9901009e-4
vt 0.99950099 1.7480016e-2
vt 0.99950099 0.99949998
vt 1.00000000 0.92000002
vt 1.00000000 1.00000000
vn 5.4431734e-4 9.5036507e-4 -0.99999940
vn -1.9861721e-2 0.28891719 -0.95714804
vn -0.13524960 0.25572536 -0.95724192
vn -0.22714868 0.17848237 -0.95736488
vn -0.27968954 7.0528461e-2 -0.95749647
vn -0.28377875 -4.9465424e-2 -0.95761307
vn -0.23871121 -0.16074598 -0.95769394
vn -0.15227676 -0.24407598 -0.95772580
vn -3.9421510e-2 -0.28504599 -0.95770284
vn 8.0335918e-2 -0.27656953 -0.95763011
vn 0.18629821 -0.22011318 -0.95751928
vn 0.26013717 -0.12544054 -0.95738881
vn 0.28908594 -8.9243335e-3 -0.95726155
vn 0.26814116 0.10929121 -0.95716025
vn 0.20091582 0.20877228 -0.95710343
vn 9.9047138e-2 0.27230994 -0.95709820
vn -0.99999862 1.5602879e-3 -5.6972042e-4
vn 5.4134510e-4 9.5382458e-4 -0.99999940
vn 1.5507173e-3 0.99999835 9.5077646e-4
vn -0.99999862 1.5602879e-3 -5.6972042e-4
vn -0.99999862 1.5602879e-3 -5.6972042e-4
vn -1.5619997e-3 -0.99999833 -9.5080122e-4
vn -0.99999862 1.5602879e-3 -5.6972042e-4
vn -5.4611932e-4 -9.5381379e-4 0.99999940
vn -5.4372684e-4 -9.5142875e-4 0.99999940
vn -0.99999862 1.5633466e-3 -5.6382883e-4
vn 1.5507126e-3 0.99999835 9.5076733e-4
vn 1.5507126e-3 0.99999835 9.5076733e-4
vn -5.4372684e-4 -9.5142875e-4 0.99999940
vn 5.4373517e-4 9.5142708e-4 -0.99999940
vn 5.4373517e-4 9.5142708e-4 -0.99999940
vn -1.5620188e-3 -0.99999833 -9.5076444e-4
vn -1.5620188e-3 -0.99999833 -9.5076444e-4
vn -0.99999862 1.5572292e-3 -5.7561202e-4
vn 5.4373517e-4 9.5142708e-4 -0.99999940
vn 5.4373517e-4 9.5142708e-4 -0.99999940
vn 0.99999863 -1.5633151e-3 5.5205149e-4
vn 1.5507126e-3 0.99999835 9.5076733e-4
vn 1.5507126e-3 0.99999835 9.5076733e-4
vn 5.4612523e-4 9.4902959e-4 -0.99999940
vn -1.5620380e-3 -0.99999833 -9.5072766e-4
vn 0.99999864 -1.5571753e-3 5.4027996e-4
vn 0.99999864 -1.5571753e-3 5.4027996e-4
vn -5.4372684e-4 -9.5142875e-4 0.99999940
vn -1.5620188e-3 -0.99999833 -9.5076444e-4
vn -1.5620188e-3 -0.99999833 -9.5076444e-4
vn 0.99999866 -1.5510356e-3 5.2850843e-4
vn -5.4372684e-4 -9.5142875e-4 0.99999940
vn -5.4133437e-4 -9.4904371e-4 0.99999940
vn 0.99999864 -1.5571753e-3 5.4027996e-4
vn 0.99999864 -1.5571753e-3 5.4027996e-4
vn 1.5507078e-3 0.99999835 9.5075820e-4
vn -0.99999862 1.5599669e-3 -5.7302865e-4
vn 5.4245430e-4 9.5385531e-4 -0.99999940
vn 1.5560322e-3 0.99999836 9.2630388e-4
vn -0.99999862 1.5599669e-3 -5.7302865e-4
vn -0.99999862 1.5599669e-3 -5.7302865e-4
vn -1.5554491e-3 -0.99999830 -9.8830480e-4
vn -0.99999862 1.5599669e-3 -5.7302865e-4
vn -5.4397143e-4 -9.5099190e-4 0.99999940
vn -5.4565895e-4 -9.5267418e-4 0.99999940
vn -0.99999862 1.5621010e-3 -5.5666629e-4
vn 1.5597262e-3 0.99999833 9.5453565e-4
vn 1.5597262e-3 0.99999833 9.5453565e-4
vn -5.4565895e-4 -9.5267418e-4 0.99999940
vn 5.4464219e-4 9.5166060e-4 -0.99999940
vn 5.4464219e-4 9.5166060e-4 -0.99999940
vn -1.5595394e-3 -0.99999833 -9.5730645e-4
vn -1.5595394e-3 -0.99999833 -9.5730645e-4
vn -0.99999861 1.5578328e-3 -5.8939101e-4
vn 5.4464219e-4 9.5166060e-4 -0.99999940
vn 5.4464219e-4 9.5166060e-4 -0.99999940
vn 0.99999866 -1.5534423e-3 5.2373688e-4
vn 1.5597262e-3 0.99999833 9.5453565e-4
vn 1.5597262e-3 0.99999833 9.5453565e-4
vn 5.4683007e-4 9.4946589e-4 -0.99999940
vn -1.5636297e-3 -0.99999835 -9.2630811e-4
vn 0.99999864 -1.5556219e-3 5.4020358e-4
vn 0.99999864 -1.5556219e-3 5.4020358e-4
vn -5.4565895e-4 -9.5267418e-4 0.99999940
vn -1.5595394e-3 -0.99999833 -9.5730645e-4
vn -1.5595394e-3 -0.99999833 -9.5730645e-4
vn 0.99999863 -1.5578016e-3 5.5667027e-4
vn -5.4565895e-4 -9.5267418e-4 0.99999940
vn -5.4734648e-4 -9.5435645e-4 0.99999939
vn 0.99999864 -1.5556219e-3 5.4020358e-4
vn 0.99999864 -1.5556219e-3 5.4020358e-4
vn 1.5634201e-3 0.99999829 9.8276741e-4
vn 3.3555504e-2 0.46757475 -0.88331641
vn 3.3555504e-2 0.46757475 -0.88331641
vn 3.3555504e-2 0.46757475 -0.88331641
vn -6.0213543e-2 0.85432361 -0.51624170
vn -6.0213543e-2 0.85432361 -0.51624170
vn -6.0213543e-2 0.85432361 -0.51624170
vn -0.15915298 0.44066732 -0.88344929
vn -0.15915298 0.44066732 -0.88344929
vn -0.15915298 0.44066732 -0.88344929
vn -0.40226971 0.75589608 -0.51652706
vn -0.40226971 0.75589608 -0.51652706
vn -0.40226971 0.75589608 -0.51652706
vn -0.32424234 0.33771941 -0.88363596
vn -0.32424234 0.33771941 -0.88363596
vn -0.32424234 0.33771941 -0.88363596
vn -0.67471633 0.52685464 -0.51689656
vn -0.67471633 0.52685464 -0.51689656
vn -0.67471633 0.52685464 -0.51689656
vn -0.43318881 0.17652263 -0.88384796
vn -0.43318881 0.17652263 -0.88384796
vn -0.43318881 0.17652263 -0.88384796
vn -0.83045250 0.20680532 -0.51728156
vn -0.83045250 0.20680532 -0.51728156
vn -0.83045250 0.20680532 -0.51728156
vn -0.46715199 -1.5057915e-2 -0.88404880
vn -0.46715199 -1.5057915e-2 -0.88404880
vn -0.46715199 -1.5057915e-2 -0.88404880
vn -0.84254872 -0.14892076 -0.51762366
vn -0.84254872 -0.14892076 -0.51762366
vn -0.84254872 -0.14892076 -0.51762366
vn -0.42025519 -0.20388794 -0.88420319
vn -0.42025519 -0.20388794 -0.88420319
vn -0.42025519 -0.20388794 -0.88420319
vn -0.70890910 -0.47881341 -0.51786641
vn -0.70890910 -0.47881341 -0.51786641
vn -0.70890910 -0.47881341 -0.51786641
vn -0.39194912 -0.55688124 -0.73229719
vn -0.39194912 -0.55688124 -0.73229719
vn -0.39194912 -0.55688124 -0.73229719
vn -0.39194912 -0.55688124 -0.73229719
vn -0.39194912 -0.55688124 -0.73229719
vn -0.39194912 -0.55688124 -0.73229719
vn -0.12712660 -0.66898678 -0.73232200
vn -0.12712660 -0.66898678 -0.73232200
vn -0.12712660 -0.66898678 -0.73232200
vn -0.12712660 -0.66898678 -0.73232200
vn -0.12712660 -0.66898678 -0.73232200
vn -0.12712660 -0.66898678 -0.73232200
vn 6.5173859e-2 -0.46257219 -0.88418287
vn 6.5173859e-2 -0.46257219 -0.88418287
vn 6.5173859e-2 -0.46257219 -0.88418287
vn 0.24088524 -0.83101596 -0.50138486
vn 0.24088524 -0.83101596 -0.50138486
vn 0.24088524 -0.83101596 -0.50138486
vn 0.24806542 -0.39619343 -0.88402167
vn 0.24806542 -0.39619343 -0.88402167
vn 0.24806542 -0.39619343 -0.88402167
vn 0.56612855 -0.67101236 -0.47879106
vn 0.56612855 -0.67101236 -0.47879106
vn 0.56612855 -0.67101236 -0.47879106
vn 0.38815077 -0.26116358 -0.88381704
vn 0.38815077 -0.26116358 -0.88381704
vn 0.38815077 -0.26116358 -0.88381704
vn 0.79782434 -0.38693482 -0.46233946
vn 0.79782434 -0.38693482 -0.46233946
vn 0.79782434 -0.38693482 -0.46233946
vn 0.46120231 -8.0832300e-2 -0.88360544
vn 0.46120231 -8.0832300e-2 -0.88360544
vn 0.46120231 -8.0832300e-2 -0.88360544
vn 0.87771935 -4.5760616e-2 -0.47698502
vn 0.87771935 -4.5760616e-2 -0.47698502
vn 0.87771935 -4.5760616e-2 -0.47698502
vn 0.45459454 0.11361675 -0.88342235
vn 0.45459454 0.11361675 -0.88342235
vn 0.45459454 0.11361675 -0.88342235
vn 0.79363055 0.32187067 -0.51628463
vn 0.79363055 0.32187067 -0.51628463
vn 0.79363055 0.32187067 -0.51628463
vn 0.36946555 0.28856949 -0.88330225
vn 0.36946555 0.28856949 -0.88330225
vn 0.36946555 0.28856949 -0.88330225
vn 0.59432466 0.61677293 -0.51610982
vn 0.59432466 0.61677293 -0.51610982
vn 0.59432466 0.61677293 -0.51610982
vn 0.22052709 0.41377092 -0.88326747
vn 0.22052709 0.41377092 -0.88326747
vn 0.22052709 0.41377092 -0.88326747
vn 0.29230522 0.80511413 -0.51609001
vn 0.29230522 0.80511413 -0.51609001
vn 0.29230522 0.80511413 -0.51609001
vn 6.0780210e-2 0.85432540 -0.51617233
vn 6.0780210e-2 0.85432540 -0.51617233
vn 6.0780210e-2 0.85432540 -0.51617233
vn -5.4650357e-4 -9.5072090e-4 0.99999940
vn -5.4650357e-4 -9.5072090e-4 0.99999940
vn -0.29173668 0.80511161 -0.51641553
vn -0.29173668 0.80511161 -0.51641553
vn -0.29173668 0.80511161 -0.51641553
vn -5.4500899e-4 -9.4926962e-4 0.99999940
vn -5.4500899e-4 -9.4926962e-4 0.99999940
vn -0.59375855 0.61676937 -0.51676525
vn -0.59375855 0.61676937 -0.51676525
vn -0.59375855 0.61676937 -0.51676525
vn -5.4482758e-4 -9.4910989e-4 0.99999940
vn -5.4482758e-4 -9.4910989e-4 0.99999940
vn -0.79306272 0.32187368 -0.51715457
vn -0.79306272 0.32187368 -0.51715457
vn -0.79306272 0.32187368 -0.51715457
vn -5.4496046e-4 -9.4948501e-4 0.99999940
vn -5.4496046e-4 -9.4948501e-4 0.99999940
vn -0.85519460 -2.8593283e-2 -0.51751775
vn -0.85519460 -2.8593283e-2 -0.51751775
vn -0.85519460 -2.8593283e-2 -0.51751775
vn -5.4509132e-4 -9.5224137e-4 0.99999940
vn -5.4509132e-4 -9.5224137e-4 0.99999940
vn -5.4509132e-4 -9.5224137e-4 0.99999940
vn -0.76940520 -0.37403183 -0.51779903
vn -0.76940520 -0.37403183 -0.51779903
vn -0.76940520 -0.37403183 -0.51779903
vn -5.4488845e-4 -9.5198929e-4 0.99999940
vn -5.4488845e-4 -9.5198929e-4 0.99999940
vn -5.4488845e-4 -9.5198929e-4 0.99999940
vn -5.4459645e-4 -9.4963163e-4 0.99999940
vn -0.55518594 -0.65092424 -0.51775111
vn -0.55518594 -0.65092424 -0.51775111
vn -0.55518594 -0.65092424 -0.51775111
vn -5.4459645e-4 -9.4963163e-4 0.99999940
vn -5.4459645e-4 -9.4963163e-4 0.99999940
vn -5.4560740e-4 -9.5387366e-4 0.99999940
vn -0.24008634 -0.81544727 -0.52669184
vn -0.24008634 -0.81544727 -0.52669184
vn -0.24008634 -0.81544727 -0.52669184
vn -5.4484919e-4 -9.5039904e-4 0.99999940
vn 0.12058458 -0.85185526 -0.50970773
vn 0.12058458 -0.85185526 -0.50970773
vn 0.12058458 -0.85185526 -0.50970773
vn -5.4484919e-4 -9.5039904e-4 0.99999940
vn 0.46373280 -0.74076051 -0.48603061
vn 0.46373280 -0.74076051 -0.48603061
vn 0.46373280 -0.74076051 -0.48603061
vn -5.4448971e-4 -9.4955532e-4 0.99999940
vn -5.4448971e-4 -9.4955532e-4 0.99999940
vn -5.4448971e-4 -9.4955532e-4 0.99999940
vn 0.73326873 -0.49418315 -0.46701177
vn 0.73326873 -0.49418315 -0.46701177
vn 0.73326873 -0.49418315 -0.46701177
vn -5.4518925e-4 -9.5357684e-4 0.99999940
vn -5.4518925e-4 -9.5357684e-4 0.99999940
vn -5.4518925e-4 -9.5357684e-4 0.99999940
vn 0.87361580 -0.16908987 -0.45629383
vn 0.87361580 -0.16908987 -0.45629383
vn 0.87361580 -0.16908987 -0.45629383
vn -5.4497783e-4 -9.4993538e-4 0.99999940
vn -5.4497783e-4 -9.4993538e-4 0.99999940
vn -5.4497783e-4 -9.4993538e-4 0.99999940
vn -5.4497783e-4 -9.4993538e-4 0.99999940
vn -5.4497783e-4 -9.4993538e-4 0.99999940
vn -5.4497783e-4 -9.4993538e-4 0.99999940
vn -5.4497783e-4 -9.4993538e-4 0.99999940
vn -5.4497783e-4 -9.4993538e-4 0.99999940
vn 0.84521241 0.19353595 -0.49815641
vn 0.84521241 0.19353595 -0.49815641
vn 0.84521241 0.19353595 -0.49815641
vn -5.4678569e-4 -9.4961592e-4 0.99999940
vn 0.67528306 0.52685543 -0.51615516
vn 0.67528306 0.52685543 -0.51615516
vn 0.67528306 0.52685543 -0.51615516
vn -5.4358676e-4 -9.4866184e-4 0.99999940
vn -5.4358676e-4 -9.4866184e-4 0.99999940
vn 0.40283506 0.75590211 -0.51607743
vn 0.40283506 0.75590211 -0.51607743
vn 0.40283506 0.75590211 -0.51607743
vn -5.4405230e-4 -9.4974919e-4 0.99999940
vn -5.4405230e-4 -9.4974919e-4 0.99999940
g ISS_HGA_FLAT_WHITE
usemtl HGA_MATL
f 1/7/20 4/11/34 2/24/23
f 1/14/18 5/15/35 4/1/30
f 2/24/21 3/22/26 1/7/17
f 2//24 7//48 3//29
f 3/21/27 5/10/38 1/6/19
f 3//25 7//44 8//49
f 3/21/28 8/17/52 5/10/39
f 4/9/33 7/20/46 2/23/22
f 5/15/36 6/3/40 4/1/31
f 5/4/37 8/16/50 6/5/42
f 6/13/41 7/20/45 4/9/32
f 6/5/43 8/16/51 7/18/47
f 9/12/56 12/19/70 10/16/59
f 9/16/54 13/8/71 12/18/66
f 10/16/57 11/8/62 9/12/53
f 10//60 15//84 11//65
f 11/16/63 13/12/74 9/19/55
f 11//61 15//80 16//85
f 11/16/64 16/8/88 13/12/75
f 12/12/69 15/16/82 10/8/58
f 13/8/72 14/11/76 12/18/67
f 13/19/73 16/16/86 14/12/78
f 14/19/77 15/16/81 12/12/68
f 14/12/79 16/16/87 15/8/83
f 17/3/1 19/25/3 18/26/2
f 17/3/1 20/25/4 19/26/3
f 17/3/1 21/25/5 20/26/4
f 17/3/1 22/25/6 21/26/5
f 17/3/1 23/25/7 22/26/6
f 17/3/1 24/25/8 23/26/7
f 17/3/1 25/25/9 24/26/8
f 17/3/1 26/25/10 25/26/9
f 17/3/1 27/25/11 26/26/10
f 17/3/1 28/25/12 27/26/11
f 17/3/1 29/25/13 28/26/12
f 17/3/1 30/25/14 29/26/13
f 17/3/1 31/25/15 30/26/14
f 17/3/1 32/25/16 31/26/15
f 18/3/2 32/2/16 17/25/1
f 18/26/2 33/3/91 32/25/16
f 18/3/2 34/25/95 33/26/89
f 19/2/3 34/25/96 18/3/2
f 19/3/3 35/25/101 34/26/97
f 20/2/4 35/25/102 19/3/3
f 20/3/4 36/25/107 35/26/103
f 21/2/5 36/25/108 20/3/4
f 21/3/5 37/25/113 36/26/109
f 22/2/6 37/25/114 21/3/5
f 22/3/6 38/25/119 37/26/115
f 23/2/7 38/25/120 22/3/6
f 23/3/7 39/25/125 38/26/121
f 24/2/8 39/25/126 23/3/7
f 24/3/8 40/25/131 39/26/127
f 25/2/9 40/25/132 24/3/8
f 25/3/9 41/25/137 40/26/133
f 26/2/10 41/25/138 25/3/9
f 26/3/10 42/25/143 41/26/139
f 27/2/11 42/25/144 26/3/10
f 27/3/11 43/25/149 42/26/145
f 28/2/12 43/25/150 27/3/11
f 28/3/12 44/25/155 43/26/151
f 29/2/13 44/25/156 28/3/12
f 29/3/13 45/25/161 44/26/157
f 30/2/14 45/25/162 29/3/13
f 30/3/14 46/25/167 45/26/163
f 31/2/15 46/25/168 30/3/14
f 31/3/15 47/25/173 46/26/169
f 32/2/16 47/25/174 31/3/15
f 33/3/90 47/2/175 32/25/16
f 33/26/94 48/3/181 47/25/178
f 33/3/92 49/25/184 48/26/179
f 34/2/98 49/25/185 33/3/93
f 34/3/99 50/25/189 49/26/186
f 35/2/104 50/25/190 34/3/100
f 35/3/105 51/25/194 50/26/191
f 36/2/110 51/25/195 35/3/106
f 36/3/111 52/25/199 51/26/196
f 37/2/116 52/25/200 36/3/112
f 37/3/117 53/25/205 52/26/201
f 38/2/122 53/25/206 37/3/118
f 38/3/123 54/25/212 53/26/207
f 39/2/128 54/25/213 38/3/124
f 39/3/129 55/25/218 54/26/214
f 40/2/134 55/25/219 39/3/130
f 40/3/135 56/25/222 55/26/220
f 41/2/140 56/25/223 40/3/136
f 41/3/141 57/25/226 56/26/224
f 42/2/146 57/25/227 41/3/142
f 42/3/147 58/25/232 57/26/228
f 43/2/152 58/25/233 42/3/148
f 43/3/153 59/25/238 58/26/234
f 44/2/158 59/25/239 43/3/154
f 44/3/159 60/25/249 59/26/240
f 45/2/164 60/25/250 44/3/160
f 45/3/165 61/25/253 60/26/251
f 46/2/170 61/25/254 45/3/166
f 46/3/171 62/25/258 61/26/255
f 47/2/176 62/25/259 46/3/172
f 48//182 59//247 62//262
f 48/3/180 62/2/260 47/25/177
f 49//188 59//248 48//183
f 50//193 59//246 49//187
f 51//197 59//242 50//192
f 52//203 59//243 51//198
f 53//209 58//235 52//202
f 54//215 57//229 53//208
f 55//217 56//221 54//211
f 57//230 54//216 56//225
f 58//236 53//210 57//231
f 59//244 52//204 58//237
f 60//252 61//256 59//241
f 62//261 59//245 61//257
