# Nv = 80  Nvt = 134  Nvn = 372  Npoly = 124
# Exported from Wings 3D 0.99.04a
mtllib 42.mtl
o cylinder19
#80 vertices, 124 faces
v 0.38268343 0.92387953 0.25000000
v 0.92387953 0.38268343 0.25000000
v 0.92387953 -0.38268343 0.25000000
v 0.38268343 -0.92387953 0.25000000
v -0.38268343 -0.92387953 0.25000000
v -0.92387953 -0.38268343 0.25000000
v -0.92387953 0.38268343 0.25000000
v -0.38268343 0.92387953 0.25000000
v 0.38268343 0.92387953 -0.25000000
v 0.92387953 0.38268343 -0.25000000
v 0.92387953 -0.38268343 -0.25000000
v 0.38268343 -0.92387953 -0.25000000
v -0.38268343 -0.92387953 -0.25000000
v -0.92387953 -0.38268343 -0.25000000
v -0.92387953 0.38268343 -0.25000000
v -0.38268343 0.92387953 -0.25000000
v 0.98994949 0.42426407 0.26000000
v 0.42426407 0.98994949 0.26000000
v 0.98994949 1.55563492 0.26000000
v 1.55563492 0.98994949 0.26000000
v 0.98994949 0.42426407 0.24000000
v 0.42426407 0.98994949 0.24000000
v 0.98994949 1.55563492 0.24000000
v 1.55563492 0.98994949 0.24000000
v -0.98994949 -1.55563492 0.26000000
v -1.55563492 -0.98994949 0.26000000
v -0.98994949 -0.42426407 0.26000000
v -0.42426407 -0.98994949 0.26000000
v -0.98994949 -1.55563492 0.24000000
v -1.55563492 -0.98994949 0.24000000
v -0.98994949 -0.42426407 0.24000000
v -0.42426407 -0.98994949 0.24000000
v 0.98994949 -1.55563492 0.26000000
v 0.42426407 -0.98994949 0.26000000
v 0.98994949 -0.42426407 0.26000000
v 1.55563492 -0.98994949 0.26000000
v 0.98994949 -1.55563492 0.24000000
v 0.42426407 -0.98994949 0.24000000
v 0.98994949 -0.42426407 0.24000000
v 1.55563492 -0.98994949 0.24000000
v 1.00000000 -0.40000000 0.26000000
v 1.00000000 0.40000000 0.26000000
v 1.80000000 0.40000000 0.26000000
v 1.80000000 -0.40000000 0.26000000
v 1.00000000 -0.40000000 0.24000000
v 1.00000000 0.40000000 0.24000000
v 1.80000000 0.40000000 0.24000000
v 1.80000000 -0.40000000 0.24000000
v -1.80000000 -0.40000000 0.26000000
v -1.80000000 0.40000000 0.26000000
v -1.00000000 0.40000000 0.26000000
v -1.00000000 -0.40000000 0.26000000
v -1.80000000 -0.40000000 0.24000000
v -1.80000000 0.40000000 0.24000000
v -1.00000000 0.40000000 0.24000000
v -1.00000000 -0.40000000 0.24000000
v -0.40000000 -1.80000000 0.26000000
v -0.40000000 -1.00000000 0.26000000
v 0.40000000 -1.00000000 0.26000000
v 0.40000000 -1.80000000 0.26000000
v -0.40000000 -1.80000000 0.24000000
v -0.40000000 -1.00000000 0.24000000
v 0.40000000 -1.00000000 0.24000000
v 0.40000000 -1.80000000 0.24000000
v -0.98994949 0.42426407 0.26000000
v -1.55563492 0.98994949 0.26000000
v -0.98994949 1.55563492 0.26000000
v -0.42426407 0.98994949 0.26000000
v -0.98994949 0.42426407 0.24000000
v -1.55563492 0.98994949 0.24000000
v -0.98994949 1.55563492 0.24000000
v -0.42426407 0.98994949 0.24000000
v -0.40000000 1.00000000 0.26000000
v -0.40000000 1.80000000 0.26000000
v 0.40000000 1.80000000 0.26000000
v 0.40000000 1.00000000 0.26000000
v -0.40000000 1.00000000 0.24000000
v -0.40000000 1.80000000 0.24000000
v 0.40000000 1.80000000 0.24000000
v 0.40000000 1.00000000 0.24000000
vt -1.00000000 0.76776695
vt -1.00000000 1.26776695
vt -1.00000000 0.23223305
vt -1.00000000 -0.26776695
vt -0.32842712 -0.27059805
vt -0.32842712 -0.13529903
vt -0.32842712 0.40589708
vt -0.32842712 0.54119610
vt -0.26776695 1.50000000
vt -0.26776695 2.00000000
vt -0.26776695 -1.00000000
vt -0.26776695 -0.50000000
vt -2.2204460e-16 1.00000000
vt -6.7654216e-17 1.00000000
vt 0.0000000e+0 0.0000000e+0
vt 0.0000000e+0 2.4286129e-17
vt 0.0000000e+0 3.2265857e-16
vt 0.0000000e+0 3.8857806e-16
vt 0.0000000e+0 8.0993565e-3
vt 0.0000000e+0 0.34013797
vt 0.0000000e+0 0.34823729
vt 0.0000000e+0 0.68008083
vt 0.0000000e+0 1.00000000
vt 0.0000000e+0 1.00000000
vt 0.0000000e+0 1.00000000
vt 2.7755576e-17 4.4408921e-16
vt 2.7755576e-17 0.99649094
vt 2.7755576e-17 1.00000000
vt 4.3368087e-17 1.0061396e-16
vt 5.5511151e-17 0.0000000e+0
vt 1.3877788e-16 0.0000000e+0
vt 4.4408921e-16 2.2204460e-16
vt 4.7184479e-16 1.00000000
vt 6.6613381e-16 1.00000000
vt 4.1237217e-3 0.33204864
vt 4.5260615e-3 0.34013797
vt 1.1973779e-2 0.67199147
vt 1.2376120e-2 0.68008083
vt 0.22940195 1.51323874
vt 0.22940195 0.47770483
vt 0.22940195 -0.55782907
vt 0.31641011 0.68008083
vt 0.31641011 0.99649094
vt 0.31641011 0.68008083
vt 0.31992675 4.1005854e-3
vt 0.32002249 0.34423614
vt 0.32394987 0.32014750
vt 0.32397311 0.34013797
vt 0.32397426 3.1641356e-15
vt 0.32809919 1.3877788e-15
vt 0.32809919 8.0993277e-3
vt 0.32809919 0.32404437
vt 0.33170419 0.66009272
vt 0.33595040 0.34013797
vt 0.33595040 0.34804822
vt 0.33595040 0.66398718
vt 0.33595040 0.66445833
vt 0.33595040 0.66445833
vt 0.33595040 0.67236858
vt 0.33595040 0.34804822
vt 0.34007297 0.33185351
vt 0.34047531 0.33994287
vt 0.36470097 -0.55782907
vt 0.36470097 0.47770483
vt 0.36470097 1.51323874
vt 0.63282022 0.68008083
vt 0.63282022 0.99649094
vt 0.64812169 4.0981772e-3
vt 0.65207230 0.0000000e+0
vt 0.65236051 0.66445833
vt 0.65236051 0.67236858
vt 0.65236051 0.34804822
vt 0.65236051 0.66445833
vt 0.65236051 0.34013797
vt 0.65236051 0.34804822
vt 0.65980338 0.31995476
vt 0.66404960 0.32384922
vt 0.66404960 0.33994287
vt 0.66404960 0.65635298
vt 0.66404960 0.65635298
vt 0.66404960 0.66426323
vt 0.66404960 0.0000000e+0
vt 0.66404960 8.0993277e-3
vt 0.66404960 0.66426323
vt 0.66404960 0.67217348
vt 0.67602338 0.33185351
vt 0.67642572 0.33994287
vt 0.70710678 -0.27059805
vt 0.70710678 -0.13529903
vt 0.70710678 0.40589708
vt 0.70710678 0.54119610
vt 0.76776695 2.00000000
vt 0.76776695 1.50000000
vt 0.76776695 -1.00000000
vt 0.76776695 -0.50000000
vt 0.90589708 1.51323874
vt 0.90589708 0.47770483
vt 0.90589708 -0.55782907
vt 0.98045971 0.65635298
vt 0.98045971 0.66426323
vt 0.98045971 0.67217348
vt 0.98045971 0.33994287
vt 0.98045971 0.65635298
vt 0.98045971 0.66426323
vt 0.98407209 4.0981772e-3
vt 0.98802271 3.3306691e-16
vt 0.99575378 0.31995476
vt 1.00000000 1.00000000
vt 1.00000000 0.0000000e+0
vt 1.00000000 2.4286129e-17
vt 1.00000000 2.2204460e-16
vt 1.00000000 1.00000000
vt 1.00000000 8.3266727e-17
vt 1.00000000 5.4470317e-16
vt 1.00000000 1.0061396e-16
vt 1.00000000 1.00000000
vt 1.00000000 0.0000000e+0
vt 1.00000000 0.32384922
vt 1.00000000 1.00000000
vt 1.00000000 1.00000000
vt 1.00000000 1.00000000
vt 1.00000000 1.00000000
vt 1.00000000 1.00000000
vt 1.04119610 -0.55782907
vt 1.04119610 0.47770483
vt 1.04119610 1.51323874
vt 1.50000000 0.76776695
vt 1.50000000 1.26776695
vt 1.50000000 -0.26776695
vt 1.50000000 0.23223305
vt 1.74264069 -0.27059805
vt 1.74264069 -0.13529903
vt 1.74264069 0.40589708
vt 1.74264069 0.54119610
vn 0.0000000e+0 3.0042419e-17 1.00000000
vn -1.4505763e-16 1.00000000 0.0000000e+0
vn 0.70710678 0.70710678 0.0000000e+0
vn -2.7755576e-17 1.5021209e-17 1.00000000
vn 1.00000000 0.0000000e+0 0.0000000e+0
vn 0.70710678 0.70710678 0.0000000e+0
vn -2.7755576e-17 1.5021209e-17 1.00000000
vn 0.70710678 0.70710678 0.0000000e+0
vn 1.00000000 0.0000000e+0 0.0000000e+0
vn -7.0840132e-17 2.8324264e-17 1.00000000
vn -7.0840132e-17 2.8324264e-17 1.00000000
vn -7.0840132e-17 2.8324264e-17 1.00000000
vn 1.00000000 0.0000000e+0 0.0000000e+0
vn 0.70710678 -0.70710678 0.0000000e+0
vn 0.0000000e+0 -1.00000000 0.0000000e+0
vn 0.70710678 -0.70710678 0.0000000e+0
vn -9.4763463e-17 2.4176271e-17 1.00000000
vn -9.4763463e-17 2.4176271e-17 1.00000000
vn -9.4763463e-17 2.4176271e-17 1.00000000
vn 0.70710678 -0.70710678 0.0000000e+0
vn 0.0000000e+0 -1.00000000 0.0000000e+0
vn -1.3401577e-16 3.0042419e-17 1.00000000
vn 0.0000000e+0 -1.00000000 0.0000000e+0
vn -0.70710678 -0.70710678 0.0000000e+0
vn -1.00000000 0.0000000e+0 0.0000000e+0
vn -0.70710678 -0.70710678 0.0000000e+0
vn -1.2251904e-16 1.5021209e-17 1.00000000
vn -1.2251904e-16 1.5021209e-17 1.00000000
vn -0.70710678 -0.70710678 0.0000000e+0
vn -1.00000000 0.0000000e+0 0.0000000e+0
vn -8.9343849e-17 2.8324264e-17 1.00000000
vn -8.9343849e-17 2.8324264e-17 1.00000000
vn -8.9343849e-17 2.8324264e-17 1.00000000
vn -1.00000000 0.0000000e+0 0.0000000e+0
vn -0.70710678 0.70710678 0.0000000e+0
vn -5.7756029e-17 2.4176271e-17 1.00000000
vn -1.4505763e-16 1.00000000 0.0000000e+0
vn -0.70710678 0.70710678 0.0000000e+0
vn -5.7756029e-17 2.4176271e-17 1.00000000
vn -5.7756029e-17 2.4176271e-17 1.00000000
vn -1.4505763e-16 1.00000000 0.0000000e+0
vn -0.70710678 0.70710678 0.0000000e+0
vn -1.4505763e-16 1.00000000 0.0000000e+0
vn 0.70710678 0.70710678 0.0000000e+0
vn 1.3401577e-16 -3.0042419e-17 -1.00000000
vn -1.4505763e-16 1.00000000 0.0000000e+0
vn 0.70710678 0.70710678 0.0000000e+0
vn 1.00000000 0.0000000e+0 0.0000000e+0
vn 0.70710678 0.70710678 0.0000000e+0
vn 8.9343849e-17 -3.0042419e-17 -1.00000000
vn 8.9343849e-17 -3.0042419e-17 -1.00000000
vn 8.9343849e-17 -3.0042419e-17 -1.00000000
vn 0.70710678 -0.70710678 0.0000000e+0
vn 1.00000000 0.0000000e+0 0.0000000e+0
vn 7.0840132e-17 -2.0028279e-17 -1.00000000
vn 7.0840132e-17 -2.0028279e-17 -1.00000000
vn 7.0840132e-17 -2.0028279e-17 -1.00000000
vn 1.00000000 0.0000000e+0 0.0000000e+0
vn 0.70710678 -0.70710678 0.0000000e+0
vn 2.7755576e-17 -4.5063628e-17 -1.00000000
vn 0.0000000e+0 -1.00000000 0.0000000e+0
vn 0.70710678 -0.70710678 0.0000000e+0
vn 2.7755576e-17 -4.5063628e-17 -1.00000000
vn 0.0000000e+0 -3.0042419e-17 -1.00000000
vn -0.70710678 -0.70710678 0.0000000e+0
vn 0.0000000e+0 -1.00000000 0.0000000e+0
vn 0.0000000e+0 -1.00000000 0.0000000e+0
vn -0.70710678 -0.70710678 0.0000000e+0
vn 4.4671925e-17 -3.0042419e-17 -1.00000000
vn -1.00000000 0.0000000e+0 0.0000000e+0
vn -0.70710678 -0.70710678 0.0000000e+0
vn 4.4671925e-17 -3.0042419e-17 -1.00000000
vn 4.4671925e-17 -3.0042419e-17 -1.00000000
vn -0.70710678 0.70710678 0.0000000e+0
vn -1.00000000 0.0000000e+0 0.0000000e+0
vn 7.0840132e-17 -2.0028279e-17 -1.00000000
vn 7.0840132e-17 -2.0028279e-17 -1.00000000
vn 7.0840132e-17 -2.0028279e-17 -1.00000000
vn -1.00000000 0.0000000e+0 0.0000000e+0
vn -0.70710678 0.70710678 0.0000000e+0
vn -1.4505763e-16 1.00000000 0.0000000e+0
vn -0.70710678 0.70710678 0.0000000e+0
vn 9.4763463e-17 -4.5063628e-17 -1.00000000
vn 9.4763463e-17 -4.5063628e-17 -1.00000000
vn 0.0000000e+0 0.0000000e+0 1.00000000
vn 0.70710678 -0.70710678 0.0000000e+0
vn -0.70710678 -0.70710678 0.0000000e+0
vn 0.0000000e+0 0.0000000e+0 1.00000000
vn -0.70710678 0.70710678 0.0000000e+0
vn -0.70710678 -0.70710678 0.0000000e+0
vn 0.0000000e+0 0.0000000e+0 1.00000000
vn -0.70710678 0.70710678 0.0000000e+0
vn -0.70710678 -0.70710678 0.0000000e+0
vn 0.0000000e+0 0.0000000e+0 1.00000000
vn 0.70710678 0.70710678 0.0000000e+0
vn -0.70710678 0.70710678 0.0000000e+0
vn 0.0000000e+0 0.0000000e+0 1.00000000
vn 0.70710678 0.70710678 0.0000000e+0
vn 0.70710678 -0.70710678 0.0000000e+0
vn 0.0000000e+0 0.0000000e+0 1.00000000
vn 0.70710678 0.70710678 0.0000000e+0
vn 0.70710678 -0.70710678 0.0000000e+0
vn 0.70710678 -0.70710678 0.0000000e+0
vn 0.0000000e+0 0.0000000e+0 -1.00000000
vn -0.70710678 -0.70710678 0.0000000e+0
vn 0.0000000e+0 0.0000000e+0 -1.00000000
vn 0.70710678 -0.70710678 0.0000000e+0
vn -0.70710678 -0.70710678 0.0000000e+0
vn -0.70710678 0.70710678 0.0000000e+0
vn -0.70710678 -0.70710678 0.0000000e+0
vn 0.0000000e+0 0.0000000e+0 -1.00000000
vn 0.70710678 0.70710678 0.0000000e+0
vn -0.70710678 0.70710678 0.0000000e+0
vn 0.0000000e+0 0.0000000e+0 -1.00000000
vn 0.70710678 0.70710678 0.0000000e+0
vn 0.0000000e+0 0.0000000e+0 -1.00000000
vn -0.70710678 0.70710678 0.0000000e+0
vn 0.70710678 0.70710678 0.0000000e+0
vn 0.70710678 -0.70710678 0.0000000e+0
vn 0.0000000e+0 0.0000000e+0 -1.00000000
vn 0.0000000e+0 0.0000000e+0 1.00000000
vn 0.70710678 -0.70710678 0.0000000e+0
vn -0.70710678 -0.70710678 0.0000000e+0
vn 0.0000000e+0 0.0000000e+0 1.00000000
vn -0.70710678 0.70710678 0.0000000e+0
vn -0.70710678 -0.70710678 0.0000000e+0
vn 0.0000000e+0 0.0000000e+0 1.00000000
vn -0.70710678 0.70710678 0.0000000e+0
vn -0.70710678 -0.70710678 0.0000000e+0
vn 0.0000000e+0 0.0000000e+0 1.00000000
vn 0.70710678 0.70710678 0.0000000e+0
vn -0.70710678 0.70710678 0.0000000e+0
vn 0.0000000e+0 0.0000000e+0 1.00000000
vn 0.70710678 0.70710678 0.0000000e+0
vn 0.70710678 -0.70710678 0.0000000e+0
vn 0.0000000e+0 0.0000000e+0 1.00000000
vn 0.70710678 0.70710678 0.0000000e+0
vn 0.70710678 -0.70710678 0.0000000e+0
vn 0.70710678 -0.70710678 0.0000000e+0
vn 0.0000000e+0 0.0000000e+0 -1.00000000
vn -0.70710678 -0.70710678 0.0000000e+0
vn 0.0000000e+0 0.0000000e+0 -1.00000000
vn 0.70710678 -0.70710678 0.0000000e+0
vn -0.70710678 -0.70710678 0.0000000e+0
vn -0.70710678 0.70710678 0.0000000e+0
vn -0.70710678 -0.70710678 0.0000000e+0
vn 0.0000000e+0 0.0000000e+0 -1.00000000
vn 0.70710678 0.70710678 0.0000000e+0
vn -0.70710678 0.70710678 0.0000000e+0
vn 0.0000000e+0 0.0000000e+0 -1.00000000
vn 0.70710678 0.70710678 0.0000000e+0
vn 0.0000000e+0 0.0000000e+0 -1.00000000
vn -0.70710678 0.70710678 0.0000000e+0
vn 0.70710678 0.70710678 0.0000000e+0
vn 0.70710678 -0.70710678 0.0000000e+0
vn 0.0000000e+0 0.0000000e+0 -1.00000000
vn 0.0000000e+0 0.0000000e+0 1.00000000
vn 0.70710678 -0.70710678 0.0000000e+0
vn -0.70710678 -0.70710678 0.0000000e+0
vn 0.0000000e+0 0.0000000e+0 1.00000000
vn -0.70710678 0.70710678 0.0000000e+0
vn -0.70710678 -0.70710678 0.0000000e+0
vn 0.0000000e+0 0.0000000e+0 1.00000000
vn -0.70710678 0.70710678 0.0000000e+0
vn -0.70710678 -0.70710678 0.0000000e+0
vn 0.0000000e+0 0.0000000e+0 1.00000000
vn 0.70710678 0.70710678 0.0000000e+0
vn -0.70710678 0.70710678 0.0000000e+0
vn 0.0000000e+0 0.0000000e+0 1.00000000
vn 0.70710678 0.70710678 0.0000000e+0
vn 0.70710678 -0.70710678 0.0000000e+0
vn 0.0000000e+0 0.0000000e+0 1.00000000
vn 0.70710678 0.70710678 0.0000000e+0
vn 0.70710678 -0.70710678 0.0000000e+0
vn 0.70710678 -0.70710678 0.0000000e+0
vn -1.2325952e-32 0.0000000e+0 -1.00000000
vn -0.70710678 -0.70710678 0.0000000e+0
vn -1.2325952e-32 0.0000000e+0 -1.00000000
vn 0.70710678 -0.70710678 0.0000000e+0
vn -0.70710678 -0.70710678 0.0000000e+0
vn -0.70710678 0.70710678 0.0000000e+0
vn -0.70710678 -0.70710678 0.0000000e+0
vn -8.6736174e-17 0.0000000e+0 -1.00000000
vn 0.70710678 0.70710678 0.0000000e+0
vn -0.70710678 0.70710678 0.0000000e+0
vn -1.2325952e-32 0.0000000e+0 -1.00000000
vn 0.70710678 0.70710678 0.0000000e+0
vn -1.2325952e-32 0.0000000e+0 -1.00000000
vn -0.70710678 0.70710678 0.0000000e+0
vn 0.70710678 0.70710678 0.0000000e+0
vn 0.70710678 -0.70710678 0.0000000e+0
vn 8.6736174e-17 0.0000000e+0 -1.00000000
vn 0.0000000e+0 0.0000000e+0 1.00000000
vn 0.0000000e+0 -1.00000000 0.0000000e+0
vn -1.00000000 0.0000000e+0 0.0000000e+0
vn 0.0000000e+0 0.0000000e+0 1.00000000
vn 0.0000000e+0 1.00000000 0.0000000e+0
vn -1.00000000 0.0000000e+0 0.0000000e+0
vn 0.0000000e+0 0.0000000e+0 1.00000000
vn 0.0000000e+0 1.00000000 0.0000000e+0
vn -1.00000000 0.0000000e+0 0.0000000e+0
vn 0.0000000e+0 0.0000000e+0 1.00000000
vn 1.00000000 0.0000000e+0 0.0000000e+0
vn 0.0000000e+0 1.00000000 0.0000000e+0
vn 0.0000000e+0 0.0000000e+0 1.00000000
vn 1.00000000 0.0000000e+0 0.0000000e+0
vn 0.0000000e+0 -1.00000000 0.0000000e+0
vn 0.0000000e+0 0.0000000e+0 1.00000000
vn 1.00000000 0.0000000e+0 0.0000000e+0
vn 0.0000000e+0 -1.00000000 0.0000000e+0
vn 0.0000000e+0 -1.00000000 0.0000000e+0
vn 0.0000000e+0 0.0000000e+0 -1.00000000
vn -1.00000000 0.0000000e+0 0.0000000e+0
vn 0.0000000e+0 0.0000000e+0 -1.00000000
vn 0.0000000e+0 -1.00000000 0.0000000e+0
vn -1.00000000 0.0000000e+0 0.0000000e+0
vn 0.0000000e+0 1.00000000 0.0000000e+0
vn -1.00000000 0.0000000e+0 0.0000000e+0
vn 0.0000000e+0 0.0000000e+0 -1.00000000
vn 1.00000000 0.0000000e+0 0.0000000e+0
vn 0.0000000e+0 1.00000000 0.0000000e+0
vn 0.0000000e+0 0.0000000e+0 -1.00000000
vn 1.00000000 0.0000000e+0 0.0000000e+0
vn 0.0000000e+0 0.0000000e+0 -1.00000000
vn 0.0000000e+0 1.00000000 0.0000000e+0
vn 1.00000000 0.0000000e+0 0.0000000e+0
vn 0.0000000e+0 -1.00000000 0.0000000e+0
vn 0.0000000e+0 0.0000000e+0 -1.00000000
vn 0.0000000e+0 0.0000000e+0 1.00000000
vn 0.0000000e+0 -1.00000000 0.0000000e+0
vn -1.00000000 0.0000000e+0 0.0000000e+0
vn 0.0000000e+0 0.0000000e+0 1.00000000
vn 0.0000000e+0 1.00000000 0.0000000e+0
vn -1.00000000 0.0000000e+0 0.0000000e+0
vn 0.0000000e+0 0.0000000e+0 1.00000000
vn 0.0000000e+0 1.00000000 0.0000000e+0
vn -1.00000000 0.0000000e+0 0.0000000e+0
vn 0.0000000e+0 0.0000000e+0 1.00000000
vn 1.00000000 0.0000000e+0 0.0000000e+0
vn 0.0000000e+0 1.00000000 0.0000000e+0
vn 0.0000000e+0 0.0000000e+0 1.00000000
vn 1.00000000 0.0000000e+0 0.0000000e+0
vn 0.0000000e+0 -1.00000000 0.0000000e+0
vn 0.0000000e+0 0.0000000e+0 1.00000000
vn 1.00000000 0.0000000e+0 0.0000000e+0
vn 0.0000000e+0 -1.00000000 0.0000000e+0
vn 0.0000000e+0 -1.00000000 0.0000000e+0
vn 0.0000000e+0 0.0000000e+0 -1.00000000
vn -1.00000000 0.0000000e+0 0.0000000e+0
vn 0.0000000e+0 0.0000000e+0 -1.00000000
vn 0.0000000e+0 -1.00000000 0.0000000e+0
vn -1.00000000 0.0000000e+0 0.0000000e+0
vn 0.0000000e+0 1.00000000 0.0000000e+0
vn -1.00000000 0.0000000e+0 0.0000000e+0
vn 0.0000000e+0 0.0000000e+0 -1.00000000
vn 1.00000000 0.0000000e+0 0.0000000e+0
vn 0.0000000e+0 1.00000000 0.0000000e+0
vn 0.0000000e+0 0.0000000e+0 -1.00000000
vn 1.00000000 0.0000000e+0 0.0000000e+0
vn 0.0000000e+0 0.0000000e+0 -1.00000000
vn 0.0000000e+0 1.00000000 0.0000000e+0
vn 1.00000000 0.0000000e+0 0.0000000e+0
vn 0.0000000e+0 -1.00000000 0.0000000e+0
vn 0.0000000e+0 0.0000000e+0 -1.00000000
vn 0.0000000e+0 0.0000000e+0 1.00000000
vn 0.0000000e+0 -1.00000000 0.0000000e+0
vn -1.00000000 0.0000000e+0 0.0000000e+0
vn 0.0000000e+0 0.0000000e+0 1.00000000
vn 0.0000000e+0 1.00000000 0.0000000e+0
vn -1.00000000 0.0000000e+0 0.0000000e+0
vn 0.0000000e+0 0.0000000e+0 1.00000000
vn 0.0000000e+0 1.00000000 0.0000000e+0
vn -1.00000000 0.0000000e+0 0.0000000e+0
vn 0.0000000e+0 0.0000000e+0 1.00000000
vn 1.00000000 0.0000000e+0 0.0000000e+0
vn 0.0000000e+0 1.00000000 0.0000000e+0
vn 0.0000000e+0 0.0000000e+0 1.00000000
vn 1.00000000 0.0000000e+0 0.0000000e+0
vn 0.0000000e+0 -1.00000000 0.0000000e+0
vn 0.0000000e+0 0.0000000e+0 1.00000000
vn 1.00000000 0.0000000e+0 0.0000000e+0
vn 0.0000000e+0 -1.00000000 0.0000000e+0
vn 0.0000000e+0 -1.00000000 0.0000000e+0
vn 0.0000000e+0 0.0000000e+0 -1.00000000
vn -1.00000000 0.0000000e+0 0.0000000e+0
vn 0.0000000e+0 0.0000000e+0 -1.00000000
vn 0.0000000e+0 -1.00000000 0.0000000e+0
vn -1.00000000 0.0000000e+0 0.0000000e+0
vn 0.0000000e+0 1.00000000 0.0000000e+0
vn -1.00000000 0.0000000e+0 0.0000000e+0
vn 0.0000000e+0 0.0000000e+0 -1.00000000
vn 1.00000000 0.0000000e+0 0.0000000e+0
vn 0.0000000e+0 1.00000000 0.0000000e+0
vn 0.0000000e+0 0.0000000e+0 -1.00000000
vn 1.00000000 0.0000000e+0 0.0000000e+0
vn 0.0000000e+0 0.0000000e+0 -1.00000000
vn 0.0000000e+0 1.00000000 0.0000000e+0
vn 1.00000000 0.0000000e+0 0.0000000e+0
vn 0.0000000e+0 -1.00000000 0.0000000e+0
vn 0.0000000e+0 0.0000000e+0 -1.00000000
vn 0.0000000e+0 0.0000000e+0 1.00000000
vn 0.70710678 -0.70710678 0.0000000e+0
vn -0.70710678 -0.70710678 0.0000000e+0
vn 0.0000000e+0 0.0000000e+0 1.00000000
vn -0.70710678 0.70710678 0.0000000e+0
vn -0.70710678 -0.70710678 0.0000000e+0
vn 0.0000000e+0 0.0000000e+0 1.00000000
vn -0.70710678 0.70710678 0.0000000e+0
vn -0.70710678 -0.70710678 0.0000000e+0
vn 0.0000000e+0 0.0000000e+0 1.00000000
vn 0.70710678 0.70710678 0.0000000e+0
vn -0.70710678 0.70710678 0.0000000e+0
vn 0.0000000e+0 0.0000000e+0 1.00000000
vn 0.70710678 0.70710678 0.0000000e+0
vn 0.70710678 -0.70710678 0.0000000e+0
vn 0.0000000e+0 0.0000000e+0 1.00000000
vn 0.70710678 0.70710678 0.0000000e+0
vn 0.70710678 -0.70710678 0.0000000e+0
vn 0.70710678 -0.70710678 0.0000000e+0
vn 1.2325952e-32 0.0000000e+0 -1.00000000
vn -0.70710678 -0.70710678 0.0000000e+0
vn 1.2325952e-32 0.0000000e+0 -1.00000000
vn 0.70710678 -0.70710678 0.0000000e+0
vn -0.70710678 -0.70710678 0.0000000e+0
vn -0.70710678 0.70710678 0.0000000e+0
vn -0.70710678 -0.70710678 0.0000000e+0
vn -8.6736174e-17 0.0000000e+0 -1.00000000
vn 0.70710678 0.70710678 0.0000000e+0
vn -0.70710678 0.70710678 0.0000000e+0
vn 1.2325952e-32 0.0000000e+0 -1.00000000
vn 0.70710678 0.70710678 0.0000000e+0
vn 1.2325952e-32 0.0000000e+0 -1.00000000
vn -0.70710678 0.70710678 0.0000000e+0
vn 0.70710678 0.70710678 0.0000000e+0
vn 0.70710678 -0.70710678 0.0000000e+0
vn 8.6736174e-17 0.0000000e+0 -1.00000000
vn 0.0000000e+0 0.0000000e+0 1.00000000
vn 0.0000000e+0 -1.00000000 0.0000000e+0
vn -1.00000000 0.0000000e+0 0.0000000e+0
vn 0.0000000e+0 0.0000000e+0 1.00000000
vn 0.0000000e+0 1.00000000 0.0000000e+0
vn -1.00000000 0.0000000e+0 0.0000000e+0
vn 0.0000000e+0 0.0000000e+0 1.00000000
vn 0.0000000e+0 1.00000000 0.0000000e+0
vn -1.00000000 0.0000000e+0 0.0000000e+0
vn 0.0000000e+0 0.0000000e+0 1.00000000
vn 1.00000000 0.0000000e+0 0.0000000e+0
vn 0.0000000e+0 1.00000000 0.0000000e+0
vn 0.0000000e+0 0.0000000e+0 1.00000000
vn 1.00000000 0.0000000e+0 0.0000000e+0
vn 0.0000000e+0 -1.00000000 0.0000000e+0
vn 0.0000000e+0 0.0000000e+0 1.00000000
vn 1.00000000 0.0000000e+0 0.0000000e+0
vn 0.0000000e+0 -1.00000000 0.0000000e+0
vn 0.0000000e+0 -1.00000000 0.0000000e+0
vn 0.0000000e+0 0.0000000e+0 -1.00000000
vn -1.00000000 0.0000000e+0 0.0000000e+0
vn 0.0000000e+0 0.0000000e+0 -1.00000000
vn 0.0000000e+0 -1.00000000 0.0000000e+0
vn -1.00000000 0.0000000e+0 0.0000000e+0
vn 0.0000000e+0 1.00000000 0.0000000e+0
vn -1.00000000 0.0000000e+0 0.0000000e+0
vn 0.0000000e+0 0.0000000e+0 -1.00000000
vn 1.00000000 0.0000000e+0 0.0000000e+0
vn 0.0000000e+0 1.00000000 0.0000000e+0
vn 0.0000000e+0 0.0000000e+0 -1.00000000
vn 1.00000000 0.0000000e+0 0.0000000e+0
vn 0.0000000e+0 0.0000000e+0 -1.00000000
vn 0.0000000e+0 1.00000000 0.0000000e+0
vn 1.00000000 0.0000000e+0 0.0000000e+0
vn 0.0000000e+0 -1.00000000 0.0000000e+0
vn 0.0000000e+0 0.0000000e+0 -1.00000000
g cylinder19_FLAT_WHITE
usemtl FLAT_WHITE
f 17//86 21//107 20//102
f 18//93 21//108 17//87
f 18//89 23//113 22//109
f 19//96 23//117 18//92
f 20//99 21//103 24//119
f 20//101 23//115 19//95
f 21//104 23//114 24//120
f 22//110 21//105 18//90
f 22//111 23//116 21//106
f 24//118 23//112 20//98
f 25//122 29//143 28//138
f 26//129 29//144 25//123
f 26//125 31//149 30//145
f 27//132 31//153 26//128
f 28//135 29//139 32//155
f 28//137 31//151 27//131
f 29//140 31//150 32//156
f 30//146 29//141 26//126
f 30//147 31//152 29//142
f 32//154 31//148 28//134
f 33//158 37//179 36//174
f 34//165 37//180 33//159
f 34//161 39//185 38//181
f 35//168 39//189 34//164
f 36//171 37//175 40//191
f 36//173 39//187 35//167
f 37//176 39//186 40//192
f 38//182 37//177 34//162
f 38//183 39//188 37//178
f 40//190 39//184 36//170
f 41/68/194 45/69/215 44/76/210
f 42/51/201 45/69/216 41/68/195
f 42/84/197 47/101/221 46/85/217
f 43/104/204 47/101/225 42/84/200
f 44/76/207 45/69/211 48/77/227
f 44/76/209 47/62/223 43/61/203
f 45/42/212 47/27/222 48/22/228
f 46/50/218 45/69/213 42/51/198
f 46/43/219 47/27/224 45/42/214
f 48/77/226 47/62/220 44/76/206
f 49/45/230 53/49/251 52/47/246
f 50/19/237 53/49/252 49/45/231
f 50/54/233 55/75/257 54/60/253
f 51/74/240 55/75/261 50/54/236
f 52/47/243 53/49/247 56/52/263
f 52/47/245 55/36/259 51/35/239
f 53/102/248 55/79/258 56/78/264
f 54/30/254 53/49/249 50/19/234
f 54/103/255 55/79/260 53/102/250
f 56/52/262 55/36/256 52/47/242
f 57/46/266 61/48/287 60/53/282
f 58/21/273 61/48/288 57/46/267
f 58/58/269 63/71/293 62/59/289
f 59/70/276 63/71/297 58/58/272
f 60/53/279 61/48/283 64/56/299
f 60/53/281 63/38/295 59/37/275
f 61/66/284 63/43/294 64/44/300
f 62/20/290 61/48/285 58/21/270
f 62/67/291 63/43/296 61/66/286
f 64/56/298 63/38/292 60/53/278
f 65//302 69//323 68//318
f 66//309 69//324 65//303
f 68//315 69//319 72//335
f 68//317 71//331 67//311
f 69//320 71//330 72//336
f 70//326 69//321 66//306
f 70//327 71//332 69//322
f 72//334 71//328 68//314
f 73/105/338 77/106/359 76/107/354
f 74/83/345 77/106/360 73/105/339
f 74/80/341 79/100/365 78/81/361
f 75/99/348 79/100/369 74/80/344
f 76/107/351 77/106/355 80/118/371
f 76/107/353 79/87/367 75/86/347
f 77/72/356 79/57/366 80/55/372
f 78/82/362 77/106/357 74/83/342
f 78/73/363 79/57/368 77/72/358
f 80/118/370 79/87/364 76/107/350
g cylinder19_GOLD_FOIL
usemtl GOLD_KAPTON
f 1/92/1 8/10/36 2/128/4
f 1/88/2 9/90/46 8/5/41
f 2/128/7 8/10/40 3/130/12
f 2/131/8 9/90/47 1/88/3
f 2/65/5 11/125/54 10/126/48
f 3/130/10 7/2/32 4/95/19
f 3/64/13 11/125/58 2/65/9
f 4/95/17 6/3/27 5/12/22
f 4/63/20 11/125/59 3/64/14
f 4/6/15 13/91/66 12/8/61
f 5/89/23 13/91/67 4/6/21
f 6/3/28 4/95/18 7/2/31
f 6/132/29 13/91/68 5/89/24
f 6/98/25 15/40/75 14/41/70
f 7/2/33 3/130/11 8/10/39
f 7/97/34 15/40/79 6/98/30
f 8/5/37 9/90/43 16/7/81
f 8/96/42 15/40/80 7/97/35
f 10/133/49 9/90/44 2/131/6
f 10/1/52 16/93/84 9/9/45
f 11/4/57 15/127/77 10/1/50
f 12/124/62 11/125/53 4/63/16
f 12/11/63 14/129/72 11/4/55
f 13/94/64 14/129/69 12/11/60
f 14/134/71 13/91/65 6/132/26
f 15/127/76 11/4/56 14/129/73
f 16/93/83 10/1/51 15/127/78
f 16/39/82 15/40/74 8/96/38
g cylinder19_SOLAR_CELL
usemtl SOLAR_CELL
f 17/111/85 20/119/100 18/26/91
f 18/26/88 20/119/97 19/34/94
f 25/109/121 28/120/136 26/32/127
f 26/32/124 28/120/133 27/23/130
f 33/117/157 36/122/172 34/15/163
f 34/15/160 36/122/169 35/24/166
f 41/13/193 44/17/208 42/108/199
f 42/108/196 44/17/205 43/114/202
f 49/14/229 52/29/244 50/116/235
f 50/116/232 52/29/241 51/115/238
f 57/121/265 60/28/280 58/117/271
f 58/117/268 60/28/277 59/31/274
f 65/113/301 68/112/316 66/18/307
f 66/18/304 68/112/313 67/33/310
f 73/25/337 76/16/352 74/123/343
f 74/123/340 76/16/349 75/110/346
g cylinder19_default
usemtl default
f 66//305 71//329 70//325
f 67//312 71//333 66//308
