SC[0].AC.svb = 1.000000000000e+00 0.000000000000e+00 0.000000000000e+00
SC[0].AC.bvb = -2.059000000000e-05 -1.761000000000e-05 -7.870000000000e-06
SC[0].AC.Hvb = -1.911837203574e-01 -3.095962768748e+00 3.692234575420e-03
SC[0].AC.G[0].Cmd.Ang = 1.570796326795e+00 0.000000000000e+00 0.000000000000e+00
SC[0].AC.Whl[0].Tcmd = 4.493391066244e-02
SC[0].AC.Whl[1].Tcmd = 4.569646190879e-02
SC[0].AC.Whl[2].Tcmd = -4.090607846965e-02
SC[0].AC.Whl[3].Tcmd = -4.166862971600e-02
SC[0].AC.MTB[0].Mcmd = 2.443024724092e+01
SC[0].AC.MTB[1].Mcmd = -1.580638989121e+00
SC[0].AC.MTB[2].Mcmd = -6.037912809304e+01
SC[0].AC.Cmd.Ang = 0.000000000000e+00 0.000000000000e+00 0.000000000000e+00
[EOF]
